(Intercept) woolB
1 -4.24264068711928 -2.12132034355964
2 0.235702260395516 2.12132034355964
3 0.235702260395516 0.190743569830546
4 0.235702260395516 0.190743569830546
5 0.235702260395516 0.190743569830546
6 0.235702260395516 0.190743569830546
7 0.235702260395516 0.190743569830546
8 0.235702260395516 0.190743569830546
9 0.235702260395516 0.190743569830546
28 0.235702260395516 -0.280660950960485
29 0.235702260395516 -0.280660950960485
30 0.235702260395516 -0.280660950960485
31 0.235702260395516 -0.280660950960485
32 0.235702260395516 -0.280660950960485
33 0.235702260395516 -0.280660950960485
34 0.235702260395516 -0.280660950960485
35 0.235702260395516 -0.280660950960485
36 0.235702260395516 -0.280660950960485
