(Intercept) woolB
19 -4.24264068711928 -2.12132034355964
20 0.235702260395516 2.12132034355964
21 0.235702260395516 0.190743569830546
22 0.235702260395516 0.190743569830546
23 0.235702260395516 0.190743569830546
24 0.235702260395516 0.190743569830546
25 0.235702260395516 0.190743569830546
26 0.235702260395516 0.190743569830546
27 0.235702260395516 0.190743569830546
46 0.235702260395516 -0.280660950960485
47 0.235702260395516 -0.280660950960485
48 0.235702260395516 -0.280660950960485
49 0.235702260395516 -0.280660950960485
50 0.235702260395516 -0.280660950960485
51 0.235702260395516 -0.280660950960485
52 0.235702260395516 -0.280660950960485
53 0.235702260395516 -0.280660950960485
54 0.235702260395516 -0.280660950960485
