(Intercept) woolB
10 -4.24264068711928 -2.12132034355964
11 0.235702260395516 2.12132034355964
12 0.235702260395516 0.190743569830546
13 0.235702260395516 0.190743569830546
14 0.235702260395516 0.190743569830546
15 0.235702260395516 0.190743569830546
16 0.235702260395516 0.190743569830546
17 0.235702260395516 0.190743569830546
18 0.235702260395516 0.190743569830546
37 0.235702260395516 -0.280660950960485
38 0.235702260395516 -0.280660950960485
39 0.235702260395516 -0.280660950960485
40 0.235702260395516 -0.280660950960485
41 0.235702260395516 -0.280660950960485
42 0.235702260395516 -0.280660950960485
43 0.235702260395516 -0.280660950960485
44 0.235702260395516 -0.280660950960485
45 0.235702260395516 -0.280660950960485
