x
1 4.80087871627754
2 1.96153068133402
3 0.745949027317562
4 0.559837806348944
5 1.09024898086817
6 4.09246497847767
7 3.93450770380439
8 1.03178982726811
9 10.8280822396027
10 1.95732804985816
11 0.32245294982089
12 0.589523854550182
13 0.24289905873944
14 0.283639792354674
15 5.49369523524115
16 3.55039413086697
17 1.65011254352541
18 2.70210990743184
19 0.528651603620288
20 1.15267875314634
21 1.25760922925356
22 1.29023961147301
23 1.9310202654871
24 0.273007346351049
25 0.371659481032518
26 1.92967316207099
27 0.652883702223163
28 0.193393517645898
29 0.776039956441631
30 0.327519321508875
31 1.89084071414059
32 0.351990487959805
33 5.46950042035251
34 3.02741306506355
35 5.3465158131675
36 4.23009865277423
37 1.23442068937653
38 5.61689805880617
39 0.510740336584694
40 3.96409712022643
41 1.48356863438565
42 0.364933098601328
43 1.51290104282795
44 7.25237948028593
45 3.21315659100979
46 2.00820693090076
47 1.42627895706138
48 0.638773854009938
49 0.150720417878194
50 0.957196508863292
51 2.47379958346515
52 0.857167633897404
53 1.84631883336752
54 3.46935148407521
55 2.35600727129334
56 0.419374202376476
57 2.19707287503083
58 3.12278353113093
59 1.73946046236871
60 0.342772500806883
61 7.81968823658781
62 0.882551725625188
63 0.490194736364456
64 0.0712696949630998
65 0.520525440183465
66 1.67389449461294
67 4.70716056528959
68 6.23183393776297
69 1.89576170468752
70 7.31087249288978
71 1.15698488467619
72 2.22912865489365
73 0.994706829279938
74 2.27066186681432
75 0.154787724627148
76 0.734887636187187
77 2.93386491661146
78 2.08666076092331
79 0.556562781858433
80 1.19007250834305
81 1.96891514001429
82 0.186472485808595
83 1.68363654086325
84 0.913843150001053
85 10.290522834493
86 1.01495312238299
87 1.11404832607188
88 2.03294477857735
89 0.520211824045723
90 2.95290494614449
91 1.60301290231221
92 3.31896756488724
93 3.18609401052551
94 0.204331315578499
95 6.41435855496624
96 0.298409771759805
97 0.245670811631899
98 0.983560224815192
99 3.98342200411967
100 0.355363095904521
