x
1 -1.10407551216737
2 0.893747699892575
3 -1.45141712438946
4 -0.570123515484258
5 3.74075409097263
6 -0.168891418334374
7 -0.0668338212568163
8 -0.661284748747197
9 -1.61429598233829
10 -0.14189363714494
11 1.10795318928231
12 -1.27346385515981
13 3.01219735809189
14 0.267495312443916
15 -1.15775049159994
16 1.1384781297307
17 -0.298657450095112
18 -0.349208487104437
19 1.69704457573918
20 -1.16729803112851
21 -1.94539825194382
22 1.1795598482448
23 3.00303253767402
24 0.655240026328435
25 -1.37516643734456
26 0.00428089966976235
27 0.981582929905603
28 5.02087005538846
29 -0.776182141763798
30 1.1145872905185
31 -1.95306095010105
32 2.86758857644175
33 1.66651230861399
34 1.35228539427247
35 -0.695830828112764
36 -1.12690173801109
37 4.25064957607996
38 1.27790209830939
39 -2.08530112927354
40 2.56174243750667
41 -2.20135635916163
42 1.03513923285023
43 -0.0271546938630309
44 0.585711197649731
45 0.313664131059472
46 0.322797634338477
47 2.79843072905634
48 1.21100307971244
49 2.302907872436
50 0.245469403929096
51 1.03879134751765
52 -1.26041049460777
53 0.392997468895933
54 -0.643674510136684
55 0.0576707217479775
56 0.0181312228713709
57 -0.0914012829934216
58 -0.299467296484776
59 0.793055404843857
60 -1.14245303804896
61 -1.34287739316617
62 -4.23479427651464
63 0.861074309011604
64 1.92025840702521
65 -0.527543083371035
66 -0.472224635544026
67 -2.37145122293242
68 -1.15072019906034
69 3.40048080909414
70 2.01898803332564
71 -1.60669953136092
72 1.42833297053843
73 -0.760639274844952
74 -0.410794482709375
75 0.138262671438779
76 -3.55204238266246
77 0.196025257113664
78 -0.0196399342565182
79 0.8782014297507
80 1.99925898556442
81 -0.018775976503239
82 -2.07210419170462
83 1.88200623798137
84 1.64270412708895
85 -0.869308927923219
86 -0.0829930450466225
87 -1.67089485196802
88 -0.323535660282617
89 -0.206896979516239
90 1.51891702864264
91 3.66786879558886
92 1.07605859725017
93 -0.0388213175952842
94 -0.773352814614262
95 0.694049222965219
96 1.79574517113006
97 6.3259149696062
98 2.37453782639241
99 -5.00467869693187
100 3.69913768500196
